Chr09	Chr09	100.00	3353	0	0	1	3353	3779182	3782534	 0	6647.3
Chr09	Chr09	92.44	1613	121	1	943	2555	3692790	3694401	 0	2222.7
Chr09	Chr09	91.41	1432	110	13	1544	2963	3856456	3857886	 0	1840.1
Chr09	Chr09	89.65	1381	129	14	943	2312	3586875	3588252	 0	1592.3
Chr09	Chr09	90.13	1013	91	9	1544	2548	3717426	3718437	 0	1213.7
Chr09	Chr09	89.47	959	92	9	1544	2495	29243064	29244020	 0	1078.9
Chr09	Chr09	88.08	814	84	13	1544	2351	26587338	26588144	 0	831.1
Chr09	Chr09	91.98	611	48	1	1723	2333	26679197	26679806	 0	815.2
Chr09	Chr09	88.27	750	88	0	574	1323	3854124	3854873	 0	789.5
Chr09	Chr09	89.91	575	58	0	1	575	3854055	3854629	 0	680.4
Chr09	Chr09	96.68	391	11	2	2574	2963	3586268	3586657	 0	656.7
Chr09	Chr09	86.00	750	105	0	574	1323	3719934	3720683	 0	654.7
Chr09	Chr09	85.96	748	103	2	574	1321	3715542	3716287	2e-179	634.8
Chr09	Chr09	95.66	392	14	3	2964	3353	3694745	3695135	1e-177	628.9
Chr09	Chr09	95.92	392	13	3	2574	2963	3694389	3694779	4e-177	626.9
Chr09	Chr09	95.40	391	16	2	2964	3353	3513929	3514318	4e-174	617.0
Chr09	Chr09	95.17	393	15	4	2964	3353	3857852	3858243	4e-174	617.0
Chr09	Chr09	88.17	575	68	0	1	575	3715473	3716047	3e-169	601.1
Chr09	Chr09	86.42	626	84	1	1710	2335	26669951	26670575	9e-157	559.5
Chr09	Chr09	86.42	626	84	1	1710	2335	29171727	29172351	9e-157	559.5
Chr09	Chr09	97.21	323	7	2	2642	2963	3514284	3514605	5e-155	553.6
Chr09	Chr09	86.96	575	75	0	1	575	3719865	3720439	1e-152	545.6
Chr09	Chr09	92.60	392	23	6	2967	3353	3718793	3719183	8e-151	539.7
Chr09	Chr09	86.61	575	77	0	1	575	3588474	3589048	8e-148	529.8
Chr09	Chr09	92.53	388	26	3	1723	2108	29178185	29178571	1e-143	515.9
Chr09	Chr09	83.81	741	118	2	574	1314	3588241	3588979	2e-142	511.9
Chr09	Chr09	90.51	390	15	22	2964	3353	3585935	3586302	4e-140	504.0
Chr09	Chr09	85.48	613	88	1	1723	2335	26789837	26790448	2e-139	502.0
Chr09	Chr09	86.12	562	78	0	943	1504	3716758	3717319	1e-137	496.1
Chr09	Chr09	81.67	791	102	43	1530	2299	26567675	26568443	4e-125	454.5
Chr09	Chr09	90.29	381	34	3	2583	2960	3718441	3718821	2e-123	448.5
Chr09	Chr09	92.41	316	24	0	3038	3353	26678184	26678499	8e-120	436.6
Chr09	Chr09	84.72	563	86	0	943	1505	3855789	3856351	3e-119	434.6
Chr09	Chr09	84.97	539	80	1	1721	2259	29499229	29499766	2e-114	418.8
Chr09	Chr09	87.12	427	55	0	943	1369	3720519	3720945	5e-112	410.8
Chr09	Chr09	91.37	313	27	0	3040	3352	26586399	26586711	8e-111	406.9
Chr09	Chr09	90.88	307	28	0	3047	3353	29244207	29244513	7e-105	387.1
Chr09	Chr09	95.30	234	11	0	3120	3353	3720944	3721177	7e-102	377.1
Chr09	Chr09	84.28	528	81	2	1720	2246	29253274	29253800	1e-100	373.2
Chr09	Chr09	84.12	510	81	0	66	575	26680546	26681055	2e-99	369.2
Chr09	Chr09	87.14	381	49	0	943	1323	3854637	3855017	7e-99	367.2
Chr09	Chr09	87.00	377	49	0	947	1323	3854713	3855089	2e-96	359.3
Chr09	Chr09	87.06	371	48	0	943	1313	3716542	3716912	2e-95	355.3
Chr09	Chr09	87.71	350	43	0	974	1323	3854596	3854945	1e-94	353.4
Chr09	Chr09	83.79	506	82	0	574	1079	26680546	26681051	1e-94	353.4
Chr09	Chr09	86.61	381	51	0	943	1323	3854853	3855233	4e-94	351.4
Chr09	Chr09	87.54	353	44	0	943	1295	3854997	3855349	4e-94	351.4
Chr09	Chr09	87.54	353	44	0	943	1295	3855573	3855925	4e-94	351.4
Chr09	Chr09	87.25	353	45	0	943	1295	3855285	3855637	9e-92	343.4
Chr09	Chr09	87.39	349	44	0	947	1295	3855649	3855997	9e-92	343.4
Chr09	Chr09	95.65	207	9	0	2349	2555	3586645	3586851	1e-90	339.5
Chr09	Chr09	86.39	382	50	2	943	1323	3854925	3855305	1e-87	329.6
Chr09	Chr09	87.25	353	43	2	943	1295	3715983	3716333	6e-87	327.6
Chr09	Chr09	86.69	353	47	0	943	1295	3855141	3855493	6e-87	327.6
Chr09	Chr09	86.96	345	45	0	943	1287	3855429	3855773	6e-87	327.6
Chr09	Chr09	88.31	308	36	0	3046	3353	29171230	29171537	2e-86	325.6
Chr09	Chr09	85.56	381	55	0	943	1323	3855213	3855593	1e-84	319.7
Chr09	Chr09	85.56	381	55	0	943	1323	3855501	3855881	1e-84	319.7
Chr09	Chr09	87.62	323	39	1	3031	3353	26669465	26669786	2e-83	315.7
Chr09	Chr09	85.52	373	54	0	943	1315	3720447	3720819	3e-82	311.7
Chr09	Chr09	85.04	381	57	0	943	1323	3692574	3692954	8e-80	303.8
Chr09	Chr09	85.04	381	57	0	943	1323	3855069	3855449	8e-80	303.8
Chr09	Chr09	82.39	528	86	7	1719	2246	26749358	26749878	8e-80	303.8
Chr09	Chr09	84.78	381	58	0	943	1323	3692718	3693098	2e-77	295.9
Chr09	Chr09	89.62	260	26	1	3079	3338	26565795	26566053	8e-77	293.9
Chr09	Chr09	85.55	346	50	0	943	1288	3691854	3692199	1e-75	289.9
Chr09	Chr09	87.04	301	39	0	995	1295	3691834	3692134	5e-75	287.9
Chr09	Chr09	85.55	353	50	1	943	1295	3716054	3716405	5e-75	287.9
Chr09	Chr09	85.07	355	53	0	969	1323	3716496	3716850	8e-74	284.0
Chr09	Chr09	82.86	455	78	0	120	574	26568943	26569397	8e-74	284.0
Chr09	Chr09	84.29	382	60	0	943	1324	3720375	3720756	3e-73	282.0
Chr09	Chr09	85.34	341	50	0	983	1323	3692254	3692594	1e-72	280.0
Chr09	Chr09	90.37	218	21	0	1	218	3691632	3691849	2e-68	266.1
Chr09	Chr09	81.57	510	94	0	66	575	29179305	29179814	2e-68	266.1
Chr09	Chr09	83.82	377	61	0	947	1323	3692434	3692810	7e-68	264.1
Chr09	Chr09	86.83	281	37	0	943	1223	3716197	3716477	7e-68	264.1
Chr09	Chr09	80.63	604	116	1	1733	2336	29230453	29231055	3e-67	262.2
Chr09	Chr09	84.23	355	56	0	943	1297	3716125	3716479	1e-66	260.2
Chr09	Chr09	85.45	330	46	2	995	1323	3692410	3692738	4e-66	258.2
Chr09	Chr09	81.42	506	94	0	574	1079	29179305	29179810	4e-66	258.2
Chr09	Chr09	84.14	353	56	0	943	1295	3692286	3692638	2e-65	256.2
Chr09	Chr09	83.85	353	57	0	943	1295	3692070	3692422	4e-63	248.3
Chr09	Chr09	82.21	461	78	4	1721	2179	3583167	3583625	3e-61	242.3
Chr09	Chr09	85.44	309	43	2	1015	1323	3715911	3716217	1e-60	240.4
Chr09	Chr09	86.18	275	37	1	1723	1997	29194738	29195011	2e-59	236.4
Chr09	Chr09	82.87	397	65	3	1721	2116	3511226	3511620	6e-59	234.4
Chr09	Chr09	83.10	355	60	0	969	1323	3587944	3588298	4e-57	228.5
Chr09	Chr09	84.62	299	46	0	1017	1315	3588024	3588322	4e-57	228.5
Chr09	Chr09	81.32	455	85	0	624	1078	26568943	26569397	4e-57	228.5
Chr09	Chr09	84.33	300	47	0	1024	1323	3716479	3716778	2e-55	222.5
Chr09	Chr09	85.60	257	37	0	1067	1323	3691834	3692090	1e-53	216.6
Chr09	Chr09	79.64	604	122	1	1733	2336	26780336	26780938	6e-53	214.6
Chr09	Chr09	83.55	310	46	5	2610	2914	26678581	26678890	8e-43	180.9
Chr09	Chr09	84.51	226	35	0	800	1025	26671452	26671677	8e-40	171.0
Chr09	Chr09	84.51	226	35	0	800	1025	29173228	29173453	8e-40	171.0
Chr09	Chr09	88.59	149	17	0	574	722	3691701	3691849	8e-37	161.1
Chr09	Chr09	89.78	137	14	0	439	575	3692862	3692998	8e-37	161.1
Chr09	Chr09	84.62	208	32	0	296	503	26671470	26671677	3e-36	159.1
Chr09	Chr09	84.62	208	32	0	296	503	29173246	29173453	3e-36	159.1
Chr09	Chr09	89.05	137	15	0	439	575	3716758	3716894	2e-34	153.1
Chr09	Chr09	89.05	137	15	0	439	575	3855357	3855493	2e-34	153.1
Chr09	Chr09	81.57	293	54	0	3047	3339	29498667	29498959	2e-34	153.1
Chr09	Chr09	79.19	495	101	2	1018	1511	26670822	26671315	3e-33	149.2
Chr09	Chr09	79.19	495	101	2	1018	1511	29172598	29173091	3e-33	149.2
Chr09	Chr09	88.32	137	16	0	439	575	3855285	3855421	4e-32	145.2
Chr09	Chr09	85.54	166	24	0	943	1108	26671081	26671246	3e-30	139.3
Chr09	Chr09	85.54	166	24	0	943	1108	29172857	29173022	3e-30	139.3
Chr09	Chr09	81.37	306	55	2	1704	2008	29232879	29233183	3e-30	139.3
Chr09	Chr09	87.59	137	17	0	439	575	3692790	3692926	1e-29	137.3
Chr09	Chr09	87.59	137	17	0	439	575	3854637	3854773	1e-29	137.3
Chr09	Chr09	87.59	137	17	0	439	575	3854781	3854917	1e-29	137.3
Chr09	Chr09	87.59	137	17	0	439	575	3854853	3854989	1e-29	137.3
Chr09	Chr09	87.59	137	17	0	439	575	3854925	3855061	1e-29	137.3
Chr09	Chr09	87.59	137	17	0	439	575	3855213	3855349	1e-29	137.3
Chr09	Chr09	87.97	133	16	0	443	575	3855721	3855853	1e-29	137.3
Chr09	Chr09	87.59	137	17	0	439	575	3855861	3855997	1e-29	137.3
Chr09	Chr09	90.27	113	11	0	913	1025	26588324	26588436	1e-29	137.3
Chr09	Chr09	83.82	204	31	2	1837	2040	29181730	29181931	1e-29	137.3
Chr09	Chr09	92.71	96	7	0	409	504	26588341	26588436	4e-29	135.3
Chr09	Chr09	84.44	180	28	0	1	180	26671722	26671901	4e-29	135.3
Chr09	Chr09	86.86	137	18	0	439	575	3716830	3716966	3e-27	129.3
Chr09	Chr09	87.22	133	17	0	443	575	3854713	3854845	3e-27	129.3
Chr09	Chr09	86.86	137	18	0	439	575	3855069	3855205	3e-27	129.3
Chr09	Chr09	86.86	137	18	0	439	575	3855933	3856069	3e-27	129.3
Chr09	Chr09	80.87	298	55	2	1712	2008	26782782	26783078	2e-25	123.4
Chr09	Chr09	86.13	137	19	0	439	575	3691998	3692134	6e-25	121.4
Chr09	Chr09	86.13	137	19	0	439	575	3692502	3692638	6e-25	121.4
Chr09	Chr09	86.13	137	19	0	439	575	3692934	3693070	6e-25	121.4
Chr09	Chr09	86.13	137	19	0	439	575	3716125	3716261	6e-25	121.4
Chr09	Chr09	86.13	137	19	0	439	575	3716197	3716333	6e-25	121.4
Chr09	Chr09	86.13	137	19	0	439	575	3716542	3716678	6e-25	121.4
Chr09	Chr09	86.13	137	19	0	439	575	3855429	3855565	6e-25	121.4
Chr09	Chr09	86.13	137	19	0	439	575	3855501	3855637	6e-25	121.4
Chr09	Chr09	86.13	137	19	0	439	575	3855789	3855925	6e-25	121.4
Chr09	Chr09	84.62	156	24	0	943	1098	26671019	26671174	3e-24	119.4
Chr09	Chr09	84.62	156	24	0	943	1098	29172795	29172950	3e-24	119.4
Chr09	Chr09	85.93	135	19	0	439	573	3720591	3720725	1e-23	117.5
Chr09	Chr09	85.40	137	20	0	439	575	3691926	3692062	2e-22	113.5
Chr09	Chr09	85.40	137	20	0	439	575	3692718	3692854	2e-22	113.5
Chr09	Chr09	85.40	137	20	0	439	575	3716686	3716822	2e-22	113.5
Chr09	Chr09	85.40	137	20	0	439	575	3720375	3720511	2e-22	113.5
Chr09	Chr09	85.40	137	20	0	439	575	3854997	3855133	2e-22	113.5
Chr09	Chr09	85.40	137	20	0	439	575	3855141	3855277	2e-22	113.5
Chr09	Chr09	85.71	133	19	0	443	575	3856009	3856141	2e-22	113.5
Chr09	Chr09	80.89	314	47	13	2576	2876	26586846	26587159	2e-22	113.5
Chr09	Chr09	85.40	137	20	0	1015	1151	26680546	26680682	2e-22	113.5
Chr09	Chr09	89.58	96	10	0	2766	2861	26567211	26567306	6e-22	111.5
Chr09	Chr09	87.39	111	14	0	574	684	26671722	26671832	2e-21	109.5
Chr09	Chr09	85.40	137	19	1	439	575	3716054	3716189	4e-20	105.6
Chr09	Chr09	84.96	133	20	0	443	575	3854569	3854701	4e-20	105.6
Chr09	Chr09	84.44	135	21	0	439	573	3588046	3588180	6e-19	101.6
Chr09	Chr09	85.06	154	19	4	2576	2725	26567311	26567464	6e-19	101.6
Chr09	Chr09	79.51	283	58	0	960	1242	26671019	26671301	6e-19	101.6
Chr09	Chr09	79.51	283	58	0	960	1242	29172795	29173077	6e-19	101.6
Chr09	Chr09	84.21	133	21	0	443	575	3692434	3692566	9e-18	97.6
Chr09	Chr09	83.94	137	22	0	439	575	3692574	3692710	9e-18	97.6
Chr09	Chr09	85.40	137	18	2	439	575	3715983	3716117	9e-18	97.6
Chr09	Chr09	83.94	137	22	0	439	575	3716269	3716405	9e-18	97.6
Chr09	Chr09	83.94	137	22	0	439	575	3716614	3716750	9e-18	97.6
Chr09	Chr09	83.94	137	22	0	439	575	3716902	3717038	9e-18	97.6
Chr09	Chr09	83.94	137	22	0	439	575	3716974	3717110	9e-18	97.6
Chr09	Chr09	83.94	137	22	0	439	575	3720447	3720583	9e-18	97.6
Chr09	Chr09	83.94	137	22	0	439	575	3720519	3720655	9e-18	97.6
Chr09	Chr09	83.94	137	22	0	439	575	3855573	3855709	9e-18	97.6
Chr09	Chr09	84.21	133	21	0	443	575	3855649	3855781	9e-18	97.6
Chr09	Chr09	93.85	65	4	0	511	575	26588342	26588406	9e-18	97.6
Chr09	Chr09	83.94	137	22	0	439	575	26671110	26671246	9e-18	97.6
Chr09	Chr09	79.26	323	63	4	1718	2040	26683877	26684195	9e-18	97.6
Chr09	Chr09	83.94	137	22	0	439	575	29172886	29173022	9e-18	97.6
Chr09	Chr09	83.97	131	21	0	439	569	3692070	3692200	1e-16	93.7
Chr09	Chr09	89.16	83	9	0	1015	1097	26588324	26588406	1e-16	93.7
Chr09	Chr09	80.69	202	39	0	2135	2336	3687326	3687527	6e-16	91.7
Chr09	Chr09	85.09	114	17	0	462	575	3716493	3716606	6e-16	91.7
Chr09	Chr09	81.62	185	32	2	1766	1950	29566568	29566750	6e-16	91.7
Chr09	Chr09	79.58	284	55	3	1757	2040	3515003	3515283	2e-15	89.7
Chr09	Chr09	83.21	137	23	0	439	575	3588116	3588252	2e-15	89.7
Chr09	Chr09	83.21	137	23	0	439	575	3691854	3691990	2e-15	89.7
Chr09	Chr09	85.32	109	16	0	2	110	26570347	26570455	2e-15	89.7
Chr09	Chr09	79.61	304	58	4	1727	2030	26593095	26593394	2e-15	89.7
Chr09	Chr09	83.21	137	23	0	1015	1151	29179305	29179441	2e-15	89.7
Chr09	Chr09	82.96	135	23	0	439	573	3587902	3588036	4e-14	85.7
Chr09	Chr09	81.94	155	28	0	1087	1241	26680528	26680682	4e-14	85.7
Chr09	Chr09	81.93	166	29	1	1876	2040	3852166	3852331	1e-13	83.8
Chr09	Chr09	84.76	105	16	0	3029	3133	3582717	3582821	6e-13	81.8
Chr09	Chr09	82.71	133	23	0	443	575	3692650	3692782	6e-13	81.8
Chr09	Chr09	82.71	133	23	0	443	575	3693010	3693142	6e-13	81.8
Chr09	Chr09	82.48	137	24	0	439	575	3720663	3720799	6e-13	81.8
Chr09	Chr09	82.48	137	24	0	439	575	26671038	26671174	6e-13	81.8
Chr09	Chr09	80.66	181	35	0	395	575	26671182	26671362	6e-13	81.8
Chr09	Chr09	82.48	137	24	0	439	575	29172814	29172950	6e-13	81.8
Chr09	Chr09	80.66	181	35	0	395	575	29172958	29173138	6e-13	81.8
Chr09	Chr09	86.75	83	11	0	1231	1313	26671452	26671534	9e-12	77.8
Chr09	Chr09	86.75	83	11	0	1231	1313	29173228	29173310	9e-12	77.8
Chr09	Chr09	86.41	103	12	2	78	180	29173497	29173597	9e-12	77.8
Chr09	Chr09	81.29	155	29	0	1087	1241	29179287	29179441	9e-12	77.8
Chr09	Chr09	78.30	364	74	5	1973	2336	3559406	3559764	3e-11	75.8
Chr09	Chr09	82.19	146	25	1	1886	2031	3590577	3590721	3e-11	75.8
Chr09	Chr09	81.33	166	30	1	1876	2040	3689593	3689758	3e-11	75.8
Chr09	Chr09	81.75	137	25	0	439	575	3692286	3692422	1e-10	73.8
Chr09	Chr09	81.75	137	25	0	439	575	3716341	3716477	1e-10	73.8
Chr09	Chr09	89.23	65	7	0	439	503	3856077	3856141	1e-10	73.8
Chr09	Chr09	89.23	65	7	0	1231	1295	26588342	26588406	1e-10	73.8
Chr09	Chr09	89.23	65	7	0	511	575	26671470	26671534	1e-10	73.8
Chr09	Chr09	89.23	65	7	0	511	575	29173246	29173310	1e-10	73.8
Chr09	Chr09	90.77	65	5	1	586	650	29173530	29173593	1e-10	73.8
Chr09	Chr09	79.89	184	37	0	1859	2042	3686245	3686428	5e-10	71.9
Chr09	Chr09	85.23	88	13	0	439	526	3720735	3720822	5e-10	71.9
Chr09	Chr09	84.00	100	16	0	3038	3137	26750157	26750256	5e-10	71.9
Chr09	Chr09	79.59	196	40	0	1255	1450	29178934	29179129	5e-10	71.9
Chr09	Chr09	83.84	99	16	0	2396	2494	26678987	26679085	2e-09	69.9
Chr09	Chr09	79.57	186	38	0	1857	2042	3742081	3742266	8e-09	67.9
Chr09	Chr09	80.12	161	26	6	1530	1684	29178625	29178785	8e-09	67.9
Chr09	Chr09	88.71	62	7	0	3219	3280	29254253	29254314	8e-09	67.9
Chr09	Chr09	81.02	137	26	0	439	575	3692142	3692278	3e-08	65.9
Chr09	Chr09	83.51	97	16	0	479	575	3692254	3692350	3e-08	65.9
Chr09	Chr09	95.12	41	2	0	574	614	26570347	26570387	3e-08	65.9
Chr09	Chr09	87.50	72	7	2	1886	1957	26571994	26572063	3e-08	65.9
Chr09	Chr09	85.71	77	11	0	3062	3138	26781467	26781543	3e-08	65.9
Chr09	Chr09	100.00	33	0	0	996	1028	26788615	26788647	3e-08	65.9
Chr09	Chr09	85.71	77	11	0	3062	3138	29231583	29231659	3e-08	65.9
Chr09	Chr09	85.00	80	12	0	3057	3136	3688118	3688197	1e-07	63.9
Chr09	Chr09	84.09	88	14	0	1208	1295	3691831	3691918	1e-07	63.9
Chr09	Chr09	85.00	80	12	0	1228	1307	26568930	26569009	1e-07	63.9
Chr09	Chr09	79.76	168	34	0	1257	1424	26680201	26680368	1e-07	63.9
Chr09	Chr09	97.22	36	1	0	1210	1245	26744997	26745032	1e-07	63.9
Chr09	Chr09	97.22	36	1	0	1210	1245	29252045	29252080	1e-07	63.9
Chr09	Chr09	83.16	95	16	0	942	1036	3717045	3717139	5e-07	61.9
Chr09	Chr09	86.36	66	9	0	510	575	3588188	3588253	2e-06	60.0
Chr09	Chr09	82.98	94	16	0	439	532	3588373	3588466	2e-06	60.0
Chr09	Chr09	80.12	166	32	1	1876	2040	3713860	3714025	2e-06	60.0
Chr09	Chr09	83.72	86	14	0	2410	2495	26567520	26567605	2e-06	60.0
Chr09	Chr09	83.53	85	14	0	491	575	3692410	3692494	8e-06	58.0
Chr09	Chr09	84.93	73	11	0	1074	1146	26568947	26569019	8e-06	58.0
Chr09	Chr09	89.80	49	5	0	1402	1450	26588259	26588307	8e-06	58.0
Chr09	Chr09	81.25	112	15	6	1579	1684	26679860	26679971	8e-06	58.0
Chr09	Chr09	83.53	85	14	0	1211	1295	26680546	26680630	8e-06	58.0
Chr09	Chr09	94.59	37	2	0	1212	1248	26788615	26788651	8e-06	58.0
Chr09	Chr09	86.15	65	9	0	1231	1295	29179377	29179441	8e-06	58.0
Chr09	Chr09	84.21	76	12	0	2141	2216	26585810	26585885	3e-05	56.0
Chr09	Chr09	86.67	60	8	0	393	452	26680381	26680440	3e-05	56.0
Chr09	Chr09	94.44	36	2	0	1210	1245	26745069	26745104	3e-05	56.0
Chr09	Chr09	96.88	32	1	0	1068	1099	26788615	26788646	3e-05	56.0
Chr09	Chr09	85.94	64	9	0	389	452	29179140	29179203	3e-05	56.0
Chr09	Chr09	94.44	36	2	0	1210	1245	29251973	29252008	3e-05	56.0
Chr09	Chr09	84.00	75	12	0	3046	3120	3711733	3711807	0.0001	54.0
Chr09	Chr09	88.24	51	6	0	1336	1386	26588467	26588517	0.0001	54.0
Chr09	Chr09	92.31	39	3	0	1401	1439	26671398	26671436	0.0001	54.0
Chr09	Chr09	92.31	39	3	0	1401	1439	29173174	29173212	0.0001	54.0
Chr09	Chr09	86.44	59	8	0	3069	3127	29183113	29183171	0.0001	54.0
Chr09	Chr09	94.29	35	2	0	1212	1246	29238934	29238968	0.0001	54.0
Chr09	Chr09	94.12	34	2	0	1752	1785	3689471	3689504	0.0005	52.0
Chr09	Chr09	84.85	66	10	0	510	575	3691853	3691918	0.0005	52.0
Chr09	Chr09	92.11	38	3	0	1748	1785	3852040	3852077	0.0005	52.0
Chr09	Chr09	84.85	66	10	0	3078	3143	13609462	13609527	0.0005	52.0
Chr09	Chr09	87.04	54	7	0	3090	3143	19410725	19410778	0.0005	52.0
Chr09	Chr09	100.00	26	0	0	2548	2573	20055302	20055327	0.0005	52.0
Chr09	Chr09	84.85	66	10	0	1157	1222	26568943	26569008	0.0005	52.0
Chr04	Chr04	89.94	1401	136	5	1159	2555	10808357	10809756	 0	1649.8
Chr04	Chr04	89.51	572	60	0	4	575	10809620	10810191	 0	658.6
Chr04	Chr04	89.72	506	52	0	574	1079	10809620	10810125	2e-166	591.2
Chr04	Chr04	92.37	393	25	5	2966	3353	10807628	10808020	2e-151	541.7
Chr04	Chr04	93.24	340	21	2	2575	2912	10808029	10808368	1e-134	486.2
Chr04	Chr04	80.29	279	53	2	1752	2030	10811639	10811915	6e-22	111.5
Chr04	Chr04	82.10	162	29	0	1087	1248	10809595	10809756	6e-16	91.7
Chr04	Chr04	83.85	130	21	0	1015	1144	10809627	10809756	6e-16	91.7
Chr07	Chr07	89.24	1022	99	11	1544	2555	2621413	2622433	 0	1156.2
Chr07	Chr07	89.09	779	75	10	1726	2495	40180953	40181730	 0	870.7
Chr07	Chr07	83.73	750	122	0	574	1323	2624015	2624764	7e-145	519.9
Chr07	Chr07	85.91	575	81	0	1	575	2624259	2624833	3e-138	498.1
Chr07	Chr07	86.15	556	77	0	943	1498	2622545	2623100	2e-136	492.1
Chr07	Chr07	90.41	386	35	2	2577	2960	2621037	2621422	9e-126	456.4
Chr07	Chr07	86.88	381	50	0	943	1323	2622792	2623172	2e-96	359.3
Chr07	Chr07	86.88	381	50	0	943	1323	2623512	2623892	2e-96	359.3
Chr07	Chr07	88.59	298	25	9	2964	3252	2620771	2621068	1e-87	329.6
Chr07	Chr07	88.93	307	32	2	3049	3353	40181971	40182277	9e-86	323.6
Chr07	Chr07	85.84	353	50	0	943	1295	2623108	2623460	8e-80	303.8
Chr07	Chr07	86.12	353	48	1	943	1295	2623684	2624035	8e-80	303.8
Chr07	Chr07	85.30	381	55	1	943	1323	2623728	2624107	8e-80	303.8
Chr07	Chr07	84.78	381	58	0	943	1323	2622864	2623244	2e-77	295.9
Chr07	Chr07	84.99	353	53	0	943	1295	2623036	2623388	1e-72	280.0
Chr07	Chr07	84.90	351	53	0	943	1293	2623254	2623604	2e-71	276.0
Chr07	Chr07	83.99	381	61	0	943	1323	2623296	2623676	3e-70	272.1
Chr07	Chr07	85.31	354	49	3	943	1295	2623828	2624179	2e-68	266.1
Chr07	Chr07	86.05	301	42	0	943	1243	2623232	2623532	7e-68	264.1
Chr07	Chr07	85.11	329	48	1	995	1323	2623944	2624271	2e-65	256.2
Chr07	Chr07	88.32	137	16	0	439	575	2622748	2622884	4e-32	145.2
Chr07	Chr07	88.32	137	16	0	439	575	2622820	2622956	4e-32	145.2
Chr07	Chr07	87.97	133	16	0	443	575	2622892	2623024	1e-29	137.3
Chr07	Chr07	86.86	137	18	0	439	575	2623036	2623172	3e-27	129.3
Chr07	Chr07	86.76	136	18	0	439	574	2624044	2624179	1e-26	127.4
Chr07	Chr07	86.13	137	19	0	439	575	2622964	2623100	6e-25	121.4
Chr07	Chr07	86.13	137	19	0	439	575	2623324	2623460	6e-25	121.4
Chr07	Chr07	86.13	137	19	0	439	575	2623612	2623748	6e-25	121.4
Chr07	Chr07	86.13	137	19	0	439	575	2623756	2623892	6e-25	121.4
Chr07	Chr07	94.67	75	4	0	3279	3353	2620698	2620772	1e-23	117.5
Chr07	Chr07	85.40	137	20	0	439	575	2623540	2623676	2e-22	113.5
Chr07	Chr07	85.40	137	20	0	439	575	2623684	2623820	2e-22	113.5
Chr07	Chr07	85.40	137	20	0	439	575	2624115	2624251	2e-22	113.5
Chr07	Chr07	85.19	135	20	0	439	573	2623254	2623388	2e-21	109.5
Chr07	Chr07	85.29	136	19	1	439	574	2623973	2624107	2e-19	103.6
Chr07	Chr07	84.67	137	20	1	439	575	2623900	2624035	9e-18	97.6
Chr07	Chr07	83.21	137	23	0	439	575	2623396	2623532	2e-15	89.7
Chr07	Chr07	83.21	137	23	0	439	575	2623468	2623604	2e-15	89.7
Chr07	Chr07	83.21	137	23	0	439	575	2623828	2623964	2e-15	89.7
Chr07	Chr07	82.48	137	24	0	439	575	2623108	2623244	6e-13	81.8
Chr07	Chr07	81.75	137	25	0	439	575	2623180	2623316	1e-10	73.8
Chr07	Chr07	85.88	85	12	0	491	575	2624187	2624271	1e-10	73.8
scaffold_125	scaffold_125	90.03	732	63	10	1726	2448	18428	19158	 0	872.7
Chr08	Chr08	87.05	842	83	26	2132	2959	9157667	9158496	 0	737.9
Chr08	Chr08	90.09	454	44	1	1668	2121	9154161	9154613	1e-149	535.7
Chr08	Chr08	92.06	315	25	0	3039	3353	9159121	9159435	8e-117	426.7
Chr08	Chr08	89.58	307	32	0	3047	3353	9183170	9183476	2e-95	355.3
Chr08	Chr08	84.10	478	75	1	1721	2198	9138438	9138914	6e-90	337.5
Chr08	Chr08	87.22	227	29	0	1	227	9153706	9153932	9e-55	220.5
Chr08	Chr08	85.44	158	23	0	574	731	9153775	9153932	7e-28	131.3
Chr08	Chr08	83.94	193	29	2	1832	2024	9163265	9163455	7e-28	131.3
Chr08	Chr08	83.78	148	24	0	1877	2024	9152117	9152264	2e-19	103.6
Chr08	Chr08	80.25	243	48	0	3038	3280	9137863	9138105	6e-19	101.6
Chr08	Chr08	93.65	63	4	0	1720	1782	9138955	9139017	1e-16	93.7
Chr08	Chr08	85.32	109	16	0	2141	2249	9135626	9135734	2e-15	89.7
Chr08	Chr08	85.07	67	10	0	1507	1573	9153988	9154054	0.0001	54.0
Chr08	Chr08	90.70	43	4	0	2967	3009	9158469	9158511	0.0001	54.0
scaffold_3502	scaffold_3502	86.42	626	84	1	1710	2335	3247	3871	9e-157	559.5
scaffold_3502	scaffold_3502	87.99	308	37	0	3046	3353	2749	3056	5e-84	317.7
Chr03	Chr03	85.04	615	91	1	1721	2335	75046750	75047363	2e-133	482.2
Chr03	Chr03	85.90	539	75	1	1721	2259	74210332	74210869	2e-126	458.4
Chr03	Chr03	84.07	615	97	1	1721	2335	75186579	75187192	3e-119	434.6
Chr03	Chr03	83.85	613	98	1	1723	2335	75076534	75077145	1e-115	422.7
Chr03	Chr03	83.74	615	99	1	1721	2335	74098409	74099022	2e-114	418.8
Chr03	Chr03	83.74	615	99	1	1721	2335	75089331	75089944	2e-114	418.8
Chr03	Chr03	83.58	615	100	1	1721	2335	74029205	74029818	5e-112	410.8
Chr03	Chr03	83.60	616	99	2	1721	2335	74159297	74159911	3e-110	404.9
Chr03	Chr03	83.20	613	102	1	1723	2335	75368728	75369339	5e-106	391.0
Chr03	Chr03	83.86	539	86	1	1721	2259	64505441	64505978	4e-100	371.2
Chr03	Chr03	83.86	539	86	1	1721	2259	65687125	65687662	4e-100	371.2
Chr03	Chr03	82.76	615	105	1	1721	2335	75266474	75267087	4e-100	371.2
Chr03	Chr03	82.74	614	105	1	1721	2334	49929116	49929728	2e-99	369.2
Chr03	Chr03	82.28	615	108	1	1721	2335	75285812	75286425	6e-93	347.4
Chr03	Chr03	82.44	615	106	2	1721	2335	75306056	75306668	6e-93	347.4
Chr03	Chr03	82.11	615	107	3	1721	2335	74113441	74114052	9e-89	333.5
Chr03	Chr03	83.99	481	72	5	1721	2199	74057510	74057987	9e-86	323.6
Chr03	Chr03	81.92	603	108	1	1733	2335	75222733	75223334	9e-86	323.6
Chr03	Chr03	86.60	321	43	0	1721	2041	75120421	75120741	2e-77	295.9
Chr03	Chr03	81.69	295	54	0	3038	3332	74030001	74030295	1e-35	157.1
Chr03	Chr03	81.46	302	56	0	3038	3339	74114236	74114537	5e-35	155.1
Chr03	Chr03	81.36	295	55	0	3038	3332	75090127	75090421	3e-33	149.2
Chr03	Chr03	82.72	243	42	0	3038	3280	75267270	75267512	3e-33	149.2
Chr03	Chr03	81.21	298	56	0	3039	3336	64504882	64505179	1e-32	147.2
Chr03	Chr03	81.13	302	57	0	3038	3339	74058309	74058610	1e-32	147.2
Chr03	Chr03	81.20	399	68	7	1936	2334	49939026	49939417	7e-31	141.2
Chr03	Chr03	83.13	243	39	2	3039	3280	65686623	65686864	7e-31	141.2
Chr03	Chr03	80.79	302	58	0	3038	3339	74099205	74099506	3e-30	139.3
Chr03	Chr03	81.79	302	52	3	1709	2008	74204362	74204662	3e-30	139.3
Chr03	Chr03	81.37	306	55	2	1704	2008	75071246	75071550	3e-30	139.3
Chr03	Chr03	82.04	245	44	0	3036	3280	75047545	75047789	1e-29	137.3
Chr03	Chr03	81.07	280	53	0	3060	3339	75286631	75286910	4e-29	135.3
Chr03	Chr03	80.46	302	59	0	3038	3339	75077337	75077638	7e-28	131.3
Chr03	Chr03	80.94	299	55	2	1711	2008	75279362	75279659	4e-26	125.4
Chr03	Chr03	80.28	284	56	0	3047	3330	74160102	74160385	3e-24	119.4
Chr03	Chr03	79.80	302	61	0	3038	3339	49928633	49928934	4e-23	115.5
Chr03	Chr03	79.80	302	61	0	3038	3339	49938542	49938843	4e-23	115.5
Chr03	Chr03	79.80	302	61	0	3038	3339	75187376	75187677	4e-23	115.5
Chr03	Chr03	79.80	302	61	0	3038	3339	75369532	75369833	4e-23	115.5
Chr03	Chr03	80.00	280	56	0	3060	3339	75223539	75223818	6e-22	111.5
Chr03	Chr03	81.94	216	38	1	1704	1919	75257716	75257930	6e-22	111.5
Chr03	Chr03	80.66	243	47	0	3038	3280	75306853	75307095	2e-21	109.5
Chr03	Chr03	80.39	306	57	3	1704	2008	74050367	74050670	1e-20	107.5
Chr03	Chr03	79.14	302	63	0	3038	3339	74211103	74211404	2e-18	99.6
Chr03	Chr03	84.25	146	21	2	1752	1896	65691057	65691201	6e-16	91.7
Chr03	Chr03	79.84	258	50	2	1752	2008	75182509	75182765	1e-13	83.8
Chr03	Chr03	81.13	159	30	0	1735	1893	49923051	49923209	9e-12	77.8
Chr03	Chr03	89.55	67	7	0	2132	2198	75120869	75120935	9e-12	77.8
Chr03	Chr03	82.04	167	28	2	1843	2008	75296667	75296832	9e-12	77.8
Chr03	Chr03	83.62	116	18	1	1752	1867	64510786	64510900	5e-10	71.9
Chr03	Chr03	84.62	91	14	0	1704	1794	74153027	74153117	2e-09	69.9
Chr03	Chr03	86.96	69	9	0	1930	1998	49922947	49923015	3e-08	65.9
Chr03	Chr03	80.84	167	30	2	1843	2008	74093791	74093956	5e-07	61.9
Chr03	Chr03	83.52	91	15	0	1704	1794	75027834	75027924	5e-07	61.9
Chr03	Chr03	89.09	55	6	0	1857	1911	75041513	75041567	5e-07	61.9
Chr03	Chr03	83.52	91	15	0	1704	1794	75362817	75362907	5e-07	61.9
Chr03	Chr03	87.10	62	8	0	1857	1918	74023909	74023970	2e-06	60.0
Chr03	Chr03	94.74	38	2	0	1971	2008	74153292	74153329	2e-06	60.0
Chr03	Chr03	94.74	38	2	0	1971	2008	75041607	75041644	2e-06	60.0
Chr03	Chr03	92.68	41	3	0	995	1035	74055437	74055477	8e-06	58.0
Chr03	Chr03	83.95	81	13	0	1704	1784	74093653	74093733	8e-06	58.0
Chr03	Chr03	94.59	37	2	0	1972	2008	74108821	74108857	8e-06	58.0
Chr03	Chr03	92.68	41	3	0	1003	1043	74157487	74157527	8e-06	58.0
Chr03	Chr03	92.68	41	3	0	996	1036	75201628	75201668	8e-06	58.0
Chr03	Chr03	96.97	33	1	0	1212	1244	75265052	75265084	8e-06	58.0
Chr03	Chr03	96.97	33	1	0	995	1027	75304084	75304116	8e-06	58.0
Chr03	Chr03	96.88	32	1	0	1068	1099	49930332	49930363	3e-05	56.0
Chr03	Chr03	96.88	32	1	0	1068	1099	49940237	49940268	3e-05	56.0
Chr03	Chr03	87.50	56	7	0	1268	1323	65688216	65688271	3e-05	56.0
Chr03	Chr03	92.50	40	3	0	996	1035	75185122	75185161	3e-05	56.0
Chr03	Chr03	92.50	40	3	0	996	1035	75284213	75284252	3e-05	56.0
Chr03	Chr03	92.50	40	3	0	996	1035	75284429	75284468	3e-05	56.0
Chr03	Chr03	92.50	40	3	0	996	1035	75304897	75304936	3e-05	56.0
Chr03	Chr03	82.42	91	16	0	1704	1794	74108553	74108643	0.0001	54.0
Chr03	Chr03	94.29	35	2	0	1212	1246	75201268	75201302	0.0001	54.0
Chr03	Chr03	82.42	91	16	0	1704	1794	75296529	75296619	0.0001	54.0
Chr03	Chr03	80.12	171	32	2	1839	2008	75362951	75363120	0.0001	54.0
Chr03	Chr03	94.29	35	2	0	996	1030	75367191	75367225	0.0001	54.0
Chr03	Chr03	85.48	62	9	0	3219	3280	49922546	49922607	0.0005	52.0
Chr03	Chr03	96.67	30	1	0	1971	2000	74024024	74024053	0.0005	52.0
Chr03	Chr03	94.12	34	2	0	995	1028	74055509	74055542	0.0005	52.0
Chr03	Chr03	94.12	34	2	0	1003	1036	74097988	74098021	0.0005	52.0
Chr03	Chr03	94.12	34	2	0	996	1029	74113019	74113052	0.0005	52.0
Chr03	Chr03	90.48	42	4	0	995	1036	75201483	75201524	0.0005	52.0
Chr10	Chr10	83.58	615	100	1	1721	2335	30346	30959	5e-112	410.8
Chr10	Chr10	78.57	266	57	0	3074	3339	29852	30117	3e-11	75.8
Chr10	Chr10	88.24	68	8	0	3231	3298	43505	43572	5e-10	71.9
Chr10	Chr10	82.26	124	22	0	3175	3298	44571	44694	5e-10	71.9
Chr05	Chr05	85.19	486	71	1	1720	2205	27493497	27493981	3e-104	385.1
Chr05	Chr05	86.79	371	48	1	1721	2091	27364004	27364373	1e-90	339.5
Chr05	Chr05	82.24	563	100	0	1769	2331	27561762	27562324	9e-86	323.6
Chr05	Chr05	82.89	485	82	1	1721	2205	76214173	76214656	2e-77	295.9
Chr05	Chr05	81.32	546	92	10	1721	2264	27375739	27376276	7e-65	254.2
Chr05	Chr05	81.61	299	55	0	3041	3339	27363271	27363569	1e-35	157.1
Chr05	Chr05	81.27	299	56	0	3041	3339	27492878	27493176	3e-33	149.2
Chr05	Chr05	80.27	299	58	1	3041	3339	76214967	76215264	1e-23	117.5
Chr05	Chr05	90.28	72	7	0	3074	3145	27375373	27375444	9e-15	87.7
Chr05	Chr05	84.47	103	16	0	3237	3339	27561282	27561384	9e-12	77.8
Chr05	Chr05	86.89	61	8	0	3047	3107	27561501	27561561	8e-06	58.0
Chr05	Chr05	82.95	88	15	0	2172	2259	27363836	27363923	3e-05	56.0
scaffold_3625	scaffold_3625	82.16	583	97	7	571	1151	721	1298	2e-83	315.7
scaffold_3625	scaffold_3625	83.52	443	71	2	65	505	858	1300	8e-74	284.0
scaffold_3625	scaffold_3625	81.76	170	31	0	1342	1511	134	303	6e-16	91.7
scaffold_3625	scaffold_3625	82.95	88	15	0	1208	1295	721	808	3e-05	56.0
Chr10	Chr10	90.38	52	5	0	1104	1155	21667943	21667994	6e-08	63.9
Chr10	Chr10	83.56	73	12	0	1159	1231	21667456	21667528	0.001	50.1
