MA_10427724	MA_10427724	92.43	608	46	0	25	632	11414	12021	 0	841.0
MA_10427724	MA_10427724	92.27	608	47	0	25	632	27672	28279	 0	833.1
MA_10427724	MA_10427724	97.97	345	7	0	301	645	46347	46691	4e-177	628.9
MA_10427724	MA_10427724	87.01	608	79	0	25	632	44746	45353	3e-162	579.3
MA_10427724	MA_10427724	99.30	284	2	0	1	284	46747	47030	1e-152	547.6
MA_10427345	MA_10427345	90.28	638	62	0	8	645	1609	2246	 0	773.6
MA_12320	MA_12320	89.26	624	67	0	18	641	21046	21669	 0	706.2
MA_151736	MA_151736	89.41	614	57	8	25	632	20142	20753	 0	688.4
MA_96223	MA_96223	89.26	605	65	0	28	632	5384	5988	 0	684.4
MA_6556760	MA_6556760	89.71	554	49	8	85	632	1	552	2e-178	632.9
MA_337080	MA_337080	87.25	604	77	0	25	628	431	1034	1e-164	587.3
MA_6426538	MA_6426538	86.98	576	75	0	25	600	526	1101	1e-152	547.6
MA_467221	MA_467221	92.80	361	26	0	272	632	420	780	2e-141	510.0
MA_467221	MA_467221	89.09	110	12	0	25	134	908	1017	5e-25	123.4
MA_10194606	MA_10194606	92.90	338	24	0	295	632	1	338	2e-132	480.2
MA_252871	MA_252871	84.00	650	74	30	8	645	2551	3182	1e-130	474.3
MA_6810759	MA_6810759	94.92	295	15	0	341	635	1	295	3e-128	466.3
MA_5009001	MA_5009001	92.86	308	22	0	1	308	125	432	3e-119	436.6
MA_5476685	MA_5476685	93.02	301	21	0	8	308	1800	2100	2e-117	430.7
MA_115117	MA_115117	90.83	338	31	0	295	632	21576	21913	1e-115	424.7
MA_115117	MA_115117	87.93	290	35	0	25	314	21920	22209	2e-77	297.8
MA_655838	MA_655838	85.15	505	63	12	8	509	2378	2873	2e-111	410.8
MA_655838	MA_655838	90.91	77	7	0	569	645	2251	2327	3e-17	97.6
MA_420849	MA_420849	85.05	475	47	24	8	482	770	1220	2e-110	406.9
MA_420849	MA_420849	88.57	140	16	0	506	645	1235	1374	2e-33	151.2
MA_148308	MA_148308	83.65	587	69	27	52	629	5071	5639	2e-110	406.9
MA_148704	MA_148704	83.65	587	69	27	52	629	19841	20409	2e-110	406.9
MA_842946	MA_842946	87.17	421	53	1	8	427	617	1037	6e-108	398.9
MA_842946	MA_842946	86.69	263	35	0	383	645	1043	1305	2e-61	244.3
MA_7447685	MA_7447685	85.30	449	45	21	8	456	1	428	6e-108	398.9
MA_6342859	MA_6342859	86.90	420	55	0	8	427	6	425	2e-107	397.0
MA_108099	MA_108099	90.82	305	28	0	1	305	52	356	4e-103	383.1
MA_108099	MA_108099	96.00	50	2	0	328	377	1	50	5e-13	83.8
MA_53338	MA_53338	83.37	499	65	18	8	503	11743	12226	2e-86	327.6
MA_53338	MA_53338	82.10	257	46	0	373	629	743	999	1e-31	145.2
MA_53338	MA_53338	87.94	141	17	0	495	635	10920	11060	1e-31	145.2
MA_53338	MA_53338	88.31	77	9	0	569	645	12262	12338	2e-12	81.8
MA_53338	MA_53338	82.71	133	23	0	8	140	11215	11347	2e-12	81.8
MA_6045987	MA_6045987	88.26	298	35	0	8	305	16	313	3e-82	313.7
MA_6045987	MA_6045987	87.32	71	9	0	325	395	312	382	7e-09	69.9
MA_8767502	MA_8767502	88.42	285	33	0	8	292	36	320	3e-79	303.8
MA_10046035	MA_10046035	87.02	339	38	6	272	610	825	1157	6e-77	295.9
MA_10046035	MA_10046035	81.69	142	23	3	86	227	1157	1295	2e-09	71.9
MA_152664	MA_152664	86.15	361	44	6	272	632	34062	34416	1e-75	291.9
MA_789086	MA_789086	86.01	336	44	3	239	571	1773	2108	4e-75	289.9
MA_789086	MA_789086	91.67	96	8	0	411	506	1538	1633	3e-26	127.4
MA_789086	MA_789086	88.31	77	9	0	569	645	1423	1499	2e-12	81.8
MA_789619	MA_789619	86.38	323	38	6	166	485	2744	3063	2e-73	284.0
MA_789619	MA_789619	84.42	77	12	0	569	645	3114	3190	3e-05	58.0
MA_48509	MA_48509	84.81	362	55	0	271	632	1989	2350	1e-72	282.0
MA_48509	MA_48509	85.93	135	19	0	92	226	1831	1965	3e-23	117.5
MA_584789	MA_584789	86.56	305	38	3	209	510	3513	3817	6e-71	276.0
MA_431730	MA_431730	84.25	362	57	0	271	632	2457	2818	6e-68	266.1
MA_431730	MA_431730	86.57	134	18	0	92	225	2843	2976	5e-25	123.4
MA_175612	MA_175612	84.25	362	57	0	271	632	23032	23393	6e-68	266.1
MA_175612	MA_175612	86.57	134	18	0	92	225	23418	23551	5e-25	123.4
MA_4955633	MA_4955633	88.93	244	23	4	272	515	154	393	1e-65	258.2
MA_4955633	MA_4955633	81.69	142	23	3	86	227	16	154	2e-09	71.9
MA_425552	MA_425552	81.88	414	54	21	126	539	55	447	1e-65	258.2
MA_425552	MA_425552	86.59	179	24	0	8	186	453	631	2e-37	165.0
MA_8090251	MA_8090251	86.43	280	32	6	209	485	1	277	5e-62	246.3
MA_5668457	MA_5668457	85.33	259	17	21	211	469	1	238	2e-61	244.3
MA_4990124	MA_4990124	88.51	235	23	4	272	506	129	359	3e-60	240.4
MA_4990124	MA_4990124	81.06	132	22	3	96	227	1	129	7e-06	60.0
MA_10162289	MA_10162289	95.21	146	7	0	490	635	1536	1681	2e-58	234.4
MA_61204	MA_61204	88.26	213	25	0	416	628	5806	6018	2e-55	224.5
MA_4990122	MA_4990122	88.24	221	22	4	272	492	13	229	3e-54	220.5
MA_9242757	MA_9242757	93.15	146	10	0	490	635	1	146	3e-51	210.6
MA_4990123	MA_4990123	91.72	157	10	3	272	428	73	226	2e-49	204.7
MA_10146282	MA_10146282	92.75	138	10	0	377	514	2055	2192	2e-46	194.8
MA_10146282	MA_10146282	84.75	118	18	0	528	645	1951	2068	2e-15	91.7
MA_9968716	MA_9968716	87.89	190	20	3	456	645	1	187	3e-45	190.8
MA_5692422	MA_5692422	89.44	161	17	0	325	485	62	222	2e-43	184.9
MA_5692422	MA_5692422	93.65	63	4	0	243	305	1	63	5e-16	93.7
MA_2364894	MA_2364894	88.82	161	18	0	325	485	62	222	4e-41	176.9
MA_2364894	MA_2364894	92.06	63	5	0	243	305	1	63	1e-13	85.7
MA_146775	MA_146775	83.46	260	43	0	373	632	1876	2135	2e-40	174.9
MA_146775	MA_146775	81.47	259	48	0	374	632	420	678	6e-28	133.3
MA_107887	MA_107887	83.46	260	43	0	373	632	16033	16292	2e-40	174.9
MA_107887	MA_107887	81.47	259	48	0	374	632	17490	17748	6e-28	133.3
